01 11 20 29 3F 9A 
01 11 10 29 3F 8A 
01 21 11 00 A3 D6 
01 11 21 A3 89 5F 
01 21 11 00 29 5C 
01 11 21 29 3F 9B 
01 21 11 00 35 68 
01 11 21 35 A0 08 
01 21 11 00 A3 D6 
01 11 21 A3 89 5F 
01 21 11 00 71 A4 
01 11 21 71 00 A4 
01 21 11 00 A3 D6 
01 11 21 A3 89 5F 
01 21 11 00 29 5C 
01 11 21 29 3F 9B 
01 21 11 00 35 68 
01 11 21 35 A0 08 
01 21 11 00 A3 D6 
01 11 21 A3 89 5F 
01 21 11 00 71 A4 
01 11 21 71 00 A4 
01 21 11 00 29 5C 
01 11 21 29 3F 9B 
01 21 11 00 35 68 
01 11 21 35 A0 08 
01 21 11 00 A3 D6 
01 11 21 A3 89 5F 
01 21 11 00 71 A4 
01 11 21 71 00 A4 
01 21 20 29 1F 8A 
01 21 10 29 1F 7A 
01 21 11 29 1F 7B FF 
01 11 10 29 1F 6A 
01 21 11 29 1F 7B 7B 
01 11 20 29 1F 7A 
01 11 10 29 1F 6A 
01 11 20 2B 00 5D 
01 11 20 2C 00 5E 
01 11 20 35 A0 07 
01 11 20 34 A0 06 
01 11 20 32 94 F8 
01 11 20 33 94 F9 
01 11 20 2A 2A 86 
01 21 11 00 A3 D6 
01 11 21 A3 89 5F 
01 21 11 00 29 5C 
01 11 21 29 1F 7B 
01 21 11 00 35 68 
01 11 21 35 A0 08 
01 21 11 00 A3 D6 
01 11 21 A3 89 5F 
01 21 11 00 71 A4 
01 11 21 71 00 A4 
01 21 11 00 A3 D6 
01 11 21 A3 89 5F 
01 21 11 00 29 5C 
01 11 21 29 1F 7B 
01 21 11 00 35 68 
01 11 21 35 A0 08 
01 21 11 00 A3 D6 
01 11 21 A3 89 5F 
01 21 11 00 71 A4 
01 11 21 71 00 A4 
01 21 11 00 29 5C 
01 11 21 29 1F 7B 
01 21 11 00 35 68 
01 11 21 35 A0 08 
01 21 11 00 A3 D6 
01 11 21 A3 89 5F 
01 21 11 00 71 A4 
01 11 21 71 00 A4 
01 21 20 29 0F 7A 
01 21 10 29 0F 6A 
01 21 11 29 0F 6B FF 
01 11 10 29 0F 5A 
01 11 20 29 1F 7A 
01 21 11 29 0F 6B 6B 
01 11 10 29 1F 6A 
01 11 20 29 1F 7A 
01 11 10 29 1F 6A 
01 21 11 00 A3 D6 
01 11 21 A3 89 5F 
01 21 11 00 29 5C 
01 11 21 29 1F 7B 
01 21 11 00 35 68 
01 11 21 35 A0 08 
01 21 11 00 A3 D6 
01 11 21 A3 89 5F 
01 21 11 00 71 A4 
01 11 21 71 00 A4 
01 11 20 2B 00 5D 
01 21 11 00 29 5C 
01 11 21 29 1F 7B 
01 15 14 29 04 A8 42 FF 
01 11 20 35 A0 07 
01 21 11 00 A3 D6 
01 11 21 A3 89 5F 
01 21 11 00 71 A4 
01 11 21 71 00 A4 
01 21 20 29 3F AA 
01 21 10 29 3F 9A 
01 21 11 29 3F 9B 9B 
01 11 20 34 A0 06 
01 11 20 32 94 F8 
01 11 20 33 94 F9 
01 11 20 2A 2A 86 
01 11 20 29 3F 9A 
01 11 10 29 3F 8A 
01 21 11 00 A3 D6 
01 11 21 A3 89 5F 
01 21 11 00 29 5C 
01 11 21 29 3F 9B 
01 21 11 00 35 68 
01 11 21 35 A0 08 
01 21 11 00 A3 D6 
01 11 21 A3 89 5F 
01 21 11 00 71 A4 
01 11 21 71 00 A4 
01 21 11 00 29 5C 
01 11 21 29 3F 9B 
01 21 11 00 35 68 
01 11 21 35 A0 08 
01 21 11 00 A3 D6 
01 11 21 A3 89 5F 
01 21 11 00 71 A4 
01 11 21 71 00 A4 
01 21 20 29 1F 8A 
01 21 10 29 1F 7A 
01 21 11 29 1F 7B 7B 
01 11 20 29 1F 7A 
01 11 10 29 1F 6A 
01 21 11 00 A3 D6 
01 11 21 A3 89 5F 
01 21 11 00 29 5C 
01 11 21 29 1F 7B 
01 21 11 00 35 68 
01 11 21 35 A0 08 
01 21 11 00 A3 D6 
01 11 21 A3 89 5F 
01 21 11 00 71 A4 
01 11 21 71 00 A4 
01 21 11 00 A3 D6 
01 11 21 A3 89 5F 
01 21 11 00 29 5C 
01 11 21 29 1F 7B 
01 21 11 00 35 68 
01 11 21 35 A0 08 
01 21 11 00 A3 D6 
01 11 21 A3 89 5F 
01 21 11 00 71 A4 
01 11 21 71 00 A4 
01 11 20 2B 00 5D 
01 11 20 2C 00 5E 
01 11 20 35 A0 07 
01 11 20 34 A0 06 
01 11 20 32 94 F8 
01 11 20 33 94 F9 
01 11 20 2A 2A 86 
01 21 11 00 A3 D6 
01 11 21 A3 89 5F 
01 21 11 00 29 5C 
01 11 21 29 1F 7B 
01 21 11 00 35 68 
01 11 21 35 A0 08 
01 21 11 00 A3 D6 
01 11 21 A3 89 5F 
01 21 11 00 71 A4 
01 11 21 71 00 A4 
01 21 11 00 A3 D6 
01 11 21 A3 89 5F 
01 21 11 00 29 5C 
01 11 21 29 1F 7B 
01 21 11 00 35 68 
01 11 21 35 A0 08 
01 21 11 00 A3 D6 
01 11 21 A3 89 5F 
01 21 11 00 71 A4 
01 11 21 71 00 A4 
01 21 11 00 A3 D6 
01 11 21 A3 89 5F 
01 21 11 00 29 5C 
01 11 21 29 1F 7B 
01 21 11 00 35 68 
01 11 21 35 A0 08 
01 21 11 00 A3 D6 
01 11 21 A3 89 5F 
01 21 11 00 71 A4 
01 11 21 71 00 A4 
01 11 20 2B 00 5D 
01 11 20 2C 00 5E 
01 11 20 35 A0 07 
01 11 20 34 A0 06 
01 11 20 32 94 F8 
01 11 20 33 94 F9 
01 11 20 2A 2A 86 
01 21 11 00 A3 D6 
01 11 21 A3 89 5F 
01 21 11 00 29 5C 
01 11 21 29 1F 7B 
01 21 11 00 35 68 
01 11 21 35 A0 08 
01 21 11 00 A3 D6 
01 11 21 A3 89 5F 
01 21 11 00 71 A4 
01 11 21 71 00 A4 
01 21 11 00 A3 D6 
01 11 21 A3 89 5F 
01 21 11 00 29 5C 
01 11 21 29 1F 7B 
01 21 11 00 35 68 
01 11 21 35 A0 08 
01 21 11 00 A3 D6 
01 11 21 A3 89 5F 
01 21 11 00 71 A4 
01 11 21 71 00 A4 
01 21 11 00 2C 5F 
01 11 21 2C 00 5F 
01 21 11 00 2B 5E 
01 11 21 2B 00 5E 
01 21 11 00 2F 62 
01 11 21 2F 2A 8C 
01 21 11 00 30 63 
01 11 21 30 00 63 
01 21 11 00 32 65 
01 11 21 32 94 F9 
01 21 11 00 34 67 
01 11 21 34 A0 07 
01 21 11 00 35 68 
01 11 21 35 A0 08 
01 21 11 00 33 66 
01 11 21 33 94 FA 
01 21 11 00 A3 D6 
01 11 21 A3 89 5F 
01 21 11 00 32 65 
01 11 21 32 94 F9 
01 21 11 00 34 67 
01 11 21 34 A0 07 
01 21 11 00 35 68 
01 11 21 35 A0 08 
01 21 11 00 33 66 
01 11 21 33 94 FA 
01 11 20 2B 00 5D 
01 11 20 2C 00 5E 
01 11 20 35 A0 07 
01 11 20 34 A0 06 
01 11 20 32 94 F8 
01 11 20 33 94 F9 
01 11 20 2A 2A 86 
01 21 11 00 A3 D6 
01 11 21 A3 89 5F 
01 21 11 00 32 65 
01 11 21 32 94 F9 
01 21 11 00 34 67 
01 11 21 34 A0 07 
01 21 11 00 35 68 
01 11 21 35 A0 08 
01 21 11 00 33 66 
01 11 21 33 94 FA 
01 21 11 00 A3 D6 
01 11 21 A3 89 5F 
01 21 11 00 32 65 
01 11 21 32 94 F9 
01 21 11 00 34 67 
01 11 21 34 A0 07 
01 21 11 00 35 68 
01 11 21 35 A0 08 
01 21 11 00 33 66 
01 11 21 33 94 FA 
01 21 11 00 A3 D6 
01 11 21 A3 89 5F 
01 21 11 00 32 65 
01 11 21 32 94 F9 
01 21 11 00 34 67 
01 11 21 34 A0 07 
01 21 11 00 35 68 
01 11 21 35 A0 08 
01 21 11 00 33 66 
01 11 21 33 94 FA 
01 11 20 2B 00 5D 
01 11 20 2C 00 5E 
01 11 20 35 A0 07 
01 11 20 34 A0 06 
01 11 20 32 94 F8 
01 11 20 33 94 F9 
01 11 20 2A 2A 86



01 21 11 00 A3 D6 
01 11 21 A3 89 5F 
01 21 20 A3 81 66 
01 21 10 A3 81 56 
01 21 11 A3 81 57 57 
01 21 11 00 29 5C 
01 21 11 00 29 5C 
01 11 21 29 1F 7B 
01 21 11 00 35 68 
01 11 21 35 9F 07 
01 21 11 00 A3 D6 
01 11 21 A3 81 57 
01 21 11 00 71 A4 
01 11 21 71 00 A4 
01 21 11 00 A3 D6 
01 11 21 A3 81 57 
01 21 11 00 29 5C 
01 11 21 29 1F 7B 
01 21 11 00 35 68 
01 11 21 35 9F 07 
01 21 11 00 A3 D6 
01 11 21 A3 81 57 
01 21 11 00 71 A4 
01 11 21 71 00 A4 
01 21 11 00 A3 D6 
01 11 21 A3 81 57 
01 21 11 00 29 5C 
01 11 21 29 1F 7B 
01 21 11 00 35 68 
01 11 21 35 9F 07 
01 21 11 00 A3 D6 
01 11 21 A3 81 57 
01 21 11 00 71 A4 
01 11 21 71 00 A4 
01 11 20 2B 00 5D 
01 11 20 2C 00 5E 
01 11 20 35 9F 06 
01 11 20 34 A0 06 
01 11 20 32 94 F8 
01 11 20 33 93 F8 
01 11 20 2A 29 85 
01 21 11 00 A3 D6 
01 11 21 A3 81 57 
01 21 11 00 29 5C 
01 11 21 29 1F 7B 
01 21 11 00 35 68 
01 11 21 35 9F 07 
01 21 11 00 A3 D6 
01 11 21 A3 81 57 
01 21 11 00 71 A4 
01 11 21 71 00 A4 
01 21 11 00 A3 D6 
01 11 21 A3 81 57 
01 21 11 00 29 5C 
01 11 21 29 1F 7B 
01 21 11 00 35 68 
01 11 21 35 9F 07 
01 21 11 00 A3 D6 
01 11 21 A3 81 57 
01 21 11 00 71 A4 
01 11 21 71 00 A4 
01 21 11 00 A3 D6 
01 11 21 A3 81 57 
01 21 11 00 29 5C 
01 11 21 29 1F 7B 
01 21 11 00 35 68 
01 11 21 35 9F 07 
01 21 11 00 A3 D6 
01 11 21 A3 81 57 
01 21 11 00 71 A4 
01 11 21 71 00 A4 
01 11 20 2B 00 5D 
01 11 20 2C 00 5E 
01 11 20 35 9F 06 
01 11 20 34 A0 06 
01 11 20 32 94 F8 
01 11 20 33 93 F8 
01 11 20 2A 29 85 
01 21 11 00 A3 D6 
01 11 21 A3 81 57 
01 21 11 00 29 5C 
01 11 21 29 1F 7B 
01 21 11 00 35 68 
01 11 21 35 9F 07 
01 21 11 00 A3 D6 
01 11 21 A3 81 57 
01 21 11 00 71 A4 
01 11 21 71 00 A4 
01 21 11 00 A3 D6 
01 11 21 A3 81 57 
01 21 11 00 29 5C 
01 11 21 29 1F 7B 
01 21 11 00 35 68 
01 11 21 35 9F 07 
01 21 11 00 A3 D6 
01 11 21 A3 81 57 
01 21 11 00 71 A4 
01 11 21 71 00 A4 
01 21 11 00 A3 D6 
01 11 21 A3 81 57 
01 21 11 00 29 5C 
01 11 21 29 1F 7B 
01 21 11 00 35 68 
01 11 21 35 9F 07 
01 21 11 00 A3 D6 
01 11 21 A3 81 57 
01 21 11 00 71 A4 
01 11 21 71 00 A4 
01 11 20 2B 00 5D 
01 11 20 2C 00 5E 
01 11 20 35 9F 06 
01 11 20 34 A0 06 
01 11 20 32 94 F8 
01 11 20 33 93 F8 
01 11 20 2A 2A 86 
01 21 11 00 A3 D6 
01 11 21 A3 81 57 
01 21 11 00 29 5C 
01 11 21 29 1F 7B 
01 21 11 00 35 68 
01 11 21 35 9F 07 
01 21 11 00 A3 D6 
01 11 21 A3 81 57 
01 21 11 00 71 A4 
01 11 21 71 00 A4 
01 21 11 00 A3 D6 
01 11 21 A3 81 57 
01 21 11 00 29 5C 
01 11 21 29 1F 7B 
01 21 11 00 35 68 
01 11 21 35 9F 07 
01 21 11 00 A3 D6 
01 11 21 A3 81 57 
01 21 11 00 71 A4 
01 11 21 71 00 A4 
01 11 20 2B 00 5D 
01 11 20 2C 00 5E 
01 11 20 35 9F 06 
01 11 20 34 A0 06 
01 21 11 00 2C 5F 
01 11 21 2C 00 5F 
01 21 11 00 2B 5E 
01 11 21 2B 00 5E 
01 21 11 00 2F 62 
01 11 21 2F 2A 8C 
01 21 11 00 30 63 
01 11 21 30 00 63 
01 11 20 32 94 F8 
01 11 20 33 93 F8 
01 11 20 2A 2A 86 
01 21 11 00 32 65 
01 11 21 32 94 F9 
01 21 11 00 34 67 
01 11 21 34 A0 07 
01 21 11 00 35 68 
01 11 21 35 9F 07 
01 21 11 00 33 66 
01 11 21 33 93 F9 
01 21 11 00 A3 D6 
01 11 21 A3 81 57 
01 21 11 00 32 65 
01 11 21 32 94 F9 
01 21 11 00 34 67 
01 11 21 34 A0 07 
01 21 11 00 35 68 
01 11 21 35 9F 07 
01 21 11 00 33 66 
01 11 21 33 93 F9 
01 21 11 00 A4 D7 
01 11 21 A4 83 5A 
01 21 11 00 29 5C 
01 11 21 29 1F 7B 
01 21 11 00 35 68 
01 11 21 35 9F 07 
01 21 11 00 A3 D6 
01 11 21 A3 81 57 
01 21 11 00 71 A4 
01 11 21 71 00 A4 
01 21 11 00 A3 D6 
01 11 21 A3 81 57 
01 21 11 00 29 5C 
01 11 21 29 1F 7B 
01 21 11 00 35 68 
01 11 21 35 9F 07 
01 21 11 00 A3 D6 
01 11 21 A3 81 57 
01 21 11 00 71 A4 
01 11 21 71 00 A4 
01 11 20 2B 00 5D 
01 11 20 2C 00 5E 
01 11 20 35 9F 06 
01 11 20 34 A0 06 
01 21 11 00 A3 D6 
01 11 21 A3 81 57 
01 21 11 00 29 5C 
01 11 21 29 1F 7B 
01 21 11 00 35 68 
01 11 21 35 9F 07 
01 21 11 00 A3 D6 
01 11 21 A3 81 57 
01 21 11 00 71 A4 
01 11 21 71 00 A4 
01 11 20 32 94 F8 
01 11 20 33 93 F8 
01 11 20 2A 2A 86 
01 21 11 00 A3 D6 
01 11 21 A3 81 57 
01 21 11 00 29 5C 
01 11 21 29 1F 7B 
01 21 11 00 35 68 
01 11 21 35 9F 07 
01 21 11 00 A3 D6 
01 11 21 A3 81 57 
01 21 11 00 71 A4 
01 11 21 71 00 A4 
01 21 11 00 A3 D6 
01 11 21 A3 81 57 
01 21 11 00 29 5C 
01 11 21 29 1F 7B 
01 21 11 00 35 68 
01 11 21 35 9F 07 
01 21 11 00 A3 D6 
01 11 21 A3 81 57 
01 21 11 00 71 A4 
01 11 21 71 00 A4 
01 11 20 2B 00 5D 
01 11 20 2C 00 5E 
01 11 20 35 9F 06 
01 11 20 34 A0 06 
01 11 20 32 94 F8 
01 11 20 33 93 F8 
01 11 20 2A 2A 86 
01 21 11 00 A3 D6 
01 11 21 A3 81 57 
01 21 11 00 29 5C 
01 11 21 29 1F 7B 
01 21 11 00 35 68 
01 11 21 35 9F 07 
01 21 11 00 A3 D6 
01 11 21 A3 81 57 
01 21 11 00 71 A4 
01 11 21 71 00 A4 
01 21 11 00 A3 D6 
01 11 21 A3 81 57 
01 21 20 A3 89 6E 
01 21 10 A3 89 5E 
01 21 11 A3 89 5F 5F 
01 21 11 00 29 5C 
01 21 11 00 29 5C 
01 11 21 29 1F 7B 
01 21 11 00 35 68 
01 11 21 35 9E 06 
01 21 11 00 A3 D6 
01 11 21 A3 89 5F 
01 21 11 00 71 A4 
01 11 21 71 00 A4 
01 21 11 00 A3 D6 
01 11 21 A3 89 5F 
01 21 11 00 29 5C 
01 11 21 29 1F 7B 
01 21 11 00 35 68 
01 11 21 35 9E 06 
01 21 11 00 A3 D6 
01 11 21 A3 89 5F 
01 21 11 00 71 A4 
01 11 21 71 00 A4 
01 21 11 00 A3 D6 
01 11 21 A3 89 5F 
01 21 11 00 29 5C 
01 11 21 29 1F 7B 
01 21 11 00 35 68 
01 11 21 35 9E 06 
01 21 11 00 A3 D6 
01 11 21 A3 89 5F 
01 21 11 00 71 A4 
01 11 21 71 00 A4 
01 11 20 2B 00 5D 
01 11 20 2C 00 5E 
01 11 20 35 9E 05 
01 11 20 34 A0 06 
01 11 20 32 94 F8 
01 11 20 33 93 F8 
01 11 20 2A 2A 86 
01 21 11 00 A3 D6 
01 11 21 A3 89 5F 
01 21 11 00 29 5C 
01 11 21 29 1F 7B 
01 21 11 00 35 68 
01 11 21 35 9E 06 
01 21 11 00 A3 D6 
01 11 21 A3 89 5F 
01 21 11 00 71 A4 
01 11 21 71 00 A4 
01 21 11 00 A3 D6 
01 11 21 A3 89 5F 
01 21 11 00 29 5C 
01 11 21 29 1F 7B 
01 21 11 00 35 68 
01 11 21 35 9E 06 
01 21 11 00 A3 D6 
01 11 21 A3 89 5F 
01 21 11 00 71 A4 
01 11 21 71 00 A4 
01 21 11 00 A3 D6 
01 11 21 A3 89 5F 
01 21 11 00 29 5C 
01 11 21 29 1F 7B 
01 21 11 00 35 68 
01 11 21 35 9E 06 
01 21 11 00 A3 D6 
01 11 21 A3 89 5F 
01 21 11 00 71 A4 
01 11 21 71 00 A4 
01 11 20 2B 00 5D 
01 11 20 2C 00 5E 
01 11 20 35 9E 05 
01 11 20 34 A0 06 
01 11 20 32 94 F8 
01 11 20 33 93 F8 
01 11 20 2A 2A 86 
01 21 11 00 A3 D6 
01 11 21 A3 89 5F 
01 21 11 00 29 5C 
01 11 21 29 1F 7B 
01 21 11 00 35 68 
01 11 21 35 9E 06 
01 21 11 00 A3 D6 
01 11 21 A3 89 5F 
01 21 11 00 71 A4 
01 11 21 71 00 A4 
01 21 11 00 A3 D6 
01 11 21 A3 89 5F 
01 21 11 00 29 5C 
01 11 21 29 1F 7B 
01 21 11 00 35 68 
01 11 21 35 9E 06 
01 21 11 00 A3 D6 
01 11 21 A3 89 5F 
01 21 11 00 71 A4 
01 11 21 71 00 A4